10 30 0.00000
210 630 0.00000
7266 21798 0.14000
19 57 0.00000
699 2097 0.01000
9203 27609 0.14000
94 282 0.00000
474 1422 0.01000
8138 24414 0.12000
13 39 0.00000
899 2697 0.01000
4901 14703 0.07000
59 177 0.00000
640 1920 0.00000
9907 29721 0.14000
93 279 0.00000
731 2193 0.01000
1408 4224 0.01000
65 195 0.00000
899 2697 0.00000
4652 13956 0.03000
44 132 0.00000
786 2358 0.00000
2300 6900 0.01000
35 105 0.00000
821 2463 0.00000
2608 7824 0.03000
62 186 0.00000
126 378 0.00000
4056 12168 0.06000
97 291 0.00000
741 2223 0.01000
7391 22173 0.12000
67897 203691 0.45000
83 249 0.00000
686 2058 0.00000
5255 15765 0.07000
65123 195369 1.27000
78 234 0.00000
594 1782 0.00000
6160 18480 0.07000
41142 123426 0.22000
71 213 0.00000
729 2187 0.01000
7082 21246 0.09000
11383 34149 0.19000
51 153 0.00000
654 1962 0.00000
9041 27123 0.21000
18740 56220 0.50000
