95 285 0.00000
608 1824 0.01000
5631 16893 0.07000
80 240 0.00000
693 2079 0.00000
7944 23832 0.11000
24 72 0.00000
625 1875 0.00000
9448 28344 0.08000
49 147 0.00000
266 798 0.01000
7844 23532 0.07000
13 39 0.00000
653 1959 0.00000
1495 4485 0.00000
13 39 0.00000
485 1455 0.00000
2953 8859 0.04000
80 240 0.00000
452 1356 0.00000
8695 26085 0.03000
19 57 0.00000
332 996 0.00000
4293 12879 0.01000
78 234 0.00000
848 2544 0.00000
7091 21273 0.03000
39 117 0.00000
783 2349 0.00000
7338 22014 0.07000
17 51 0.00000
584 1752 0.01000
3306 9918 0.02000
19804 59412 0.25000
95 285 0.00000
547 1641 0.00000
8498 25494 0.08000
72579 217737 1.08000
85 255 0.00000
574 1722 0.00000
8536 25608 0.08000
81055 243165 0.92000
81 243 0.00000
918 2754 0.00000
3685 11055 0.05000
78419 235257 1.67000
56 168 0.00000
200 600 0.00000
9689 29067 0.10000
16287 48861 0.18000
