95 475 0.00000
95 285 0.00000
608 4864 0.01000
608 1824 0.01000
5631 22524 0.09000
5631 16893 0.07000
44 396 0.00000
44 132 0.00000
458 1832 0.00000
458 1374 0.00000
8514 51084 0.20000
8514 25542 0.19000
10 70 0.00000
10 30 0.00000
210 1050 0.00000
210 630 0.00000
7266 21798 0.15000
7266 21798 0.14000
80 640 0.00000
80 240 0.00000
693 5544 0.01000
693 2079 0.00000
7944 71496 0.40000
7944 23832 0.11000
27 54 0.00000
27 81 0.00000
840 7560 0.00000
840 2520 0.01000
7510 15020 0.15000
7510 22530 0.14000
19 114 0.00000
19 57 0.00000
699 3495 0.01000
699 2097 0.01000
9203 27609 0.13000
9203 27609 0.14000
24 168 0.00000
24 72 0.00000
625 4375 0.01000
625 1875 0.00000
9448 37792 0.12000
9448 28344 0.08000
40 280 0.00000
40 120 0.00000
686 2058 0.00000
686 2058 0.01000
8245 57715 0.12000
8245 24735 0.13000
94 658 0.00000
94 282 0.00000
474 2844 0.01000
474 1422 0.01000
8138 73242 0.52000
8138 24414 0.12000
49 245 0.00000
49 147 0.00000
266 798 0.00000
266 798 0.01000
7844 70596 0.32000
7844 23532 0.07000
88 704 0.00000
88 264 0.00000
192 768 0.00000
192 576 0.00000
9274 27822 0.14000
9274 27822 0.16000
13 91 0.00000
13 39 0.00000
899 7192 0.02000
899 2697 0.01000
4901 34307 0.18000
4901 14703 0.07000
13 52 0.00000
13 39 0.00000
653 5877 0.01000
653 1959 0.00000
1495 13455 0.04000
1495 4485 0.00000
88 440 0.00000
88 264 0.00000
412 3708 0.00000
412 1236 0.00000
2702 8106 0.03000
2702 8106 0.03000
59 354 0.00000
59 177 0.00000
640 2560 0.01000
640 1920 0.00000
9907 79256 0.66000
9907 29721 0.14000
13 91 0.00000
13 39 0.00000
485 1455 0.00000
485 1455 0.00000
2953 8859 0.04000
2953 8859 0.04000
70 560 0.01000
70 210 0.00000
161 1449 0.00000
161 483 0.00000
9470 28410 0.25000
9470 28410 0.23000
93 651 0.00000
93 279 0.00000
731 1462 0.00000
731 2193 0.01000
1408 4224 0.01000
1408 4224 0.01000
80 560 0.00000
80 240 0.00000
452 3164 0.00000
452 1356 0.00000
8695 26085 0.02000
8695 26085 0.03000
62 124 0.00000
62 186 0.00000
624 5616 0.00000
624 1872 0.01000
8037 40185 0.06000
8037 24111 0.05000
65 585 0.00000
65 195 0.00000
899 8091 0.03000
899 2697 0.00000
4652 32564 0.09000
4652 13956 0.03000
19 76 0.00000
19 57 0.00000
332 2656 0.01000
332 996 0.00000
4293 30051 0.04000
4293 12879 0.01000
70 280 0.00000
70 210 0.00000
217 1736 0.00000
217 651 0.00000
1330 5320 0.01000
1330 3990 0.01000
44 88 0.00000
44 132 0.00000
786 2358 0.01000
786 2358 0.00000
2300 6900 0.01000
2300 6900 0.01000
78 390 0.00000
78 234 0.00000
848 1696 0.01000
848 2544 0.00000
7091 14182 0.01000
7091 21273 0.03000
14 28 0.00000
14 42 0.00000
163 1467 0.00000
163 489 0.00000
9326 55956 0.16000
9326 27978 0.18000
35 140 0.00000
35 105 0.00000
821 4926 0.02000
821 2463 0.00000
2608 20864 0.12000
2608 7824 0.03000
39 78 0.00000
39 117 0.00000
783 1566 0.00000
783 2349 0.00000
7338 66042 0.31000
7338 22014 0.07000
38 114 0.01000
38 114 0.00000
425 2550 0.00000
425 1275 0.01000
1018 5090 0.01000
1018 3054 0.01000
62 124 0.00000
62 186 0.00000
126 378 0.00000
126 378 0.00000
4056 8112 0.03000
4056 12168 0.06000
17 136 0.00000
17 51 0.00000
584 1168 0.01000
584 1752 0.01000
3306 9918 0.02000
3306 9918 0.02000
19804 59412 0.19000
19804 59412 0.25000
42 168 0.00000
42 126 0.00000
387 2709 0.00000
387 1161 0.01000
3797 22782 0.05000
3797 11391 0.05000
34028 102084 0.81000
34028 102084 0.77000
97 291 0.00000
97 291 0.00000
741 2964 0.01000
741 2223 0.01000
7391 51737 0.37000
7391 22173 0.12000
67897 203691 1.64000
67897 203691 0.45000
95 285 0.00000
95 285 0.00000
547 1094 0.00000
547 1641 0.00000
8498 59486 0.22000
8498 25494 0.08000
72579 290316 1.22000
72579 217737 1.08000
81 162 0.00000
81 243 0.00000
409 3272 0.01000
409 1227 0.00000
8863 79767 0.07000
8863 26589 0.23000
89153 624071 3.67000
89153 267459 2.19000
83 581 0.00000
83 249 0.00000
686 6174 0.02000
686 2058 0.00000
5255 42040 0.31000
5255 15765 0.07000
65123 325615 3.05000
65123 195369 1.27000
85 510 0.01000
85 255 0.00000
574 4592 0.01000
574 1722 0.00000
8536 76824 0.35000
8536 25608 0.08000
81055 162110 0.83000
81055 243165 0.92000
57 285 0.00000
57 171 0.00000
794 4764 0.01000
794 2382 0.00000
9500 76000 0.15000
9500 28500 0.13000
37275 74550 0.64000
37275 111825 0.91000
78 312 0.01000
78 234 0.00000
594 4752 0.01000
594 1782 0.00000
6160 36960 0.17000
6160 18480 0.07000
41142 329136 3.20000
41142 123426 0.22000
81 486 0.00000
81 243 0.00000
918 1836 0.00000
918 2754 0.00000
3685 33165 0.21000
3685 11055 0.05000
78419 313676 2.33000
78419 235257 1.67000
89 267 0.00000
89 267 0.00000
560 1680 0.01000
560 1680 0.00000
6184 37104 0.14000
6184 18552 0.14000
44276 177104 1.51000
44276 132828 0.33000
71 213 0.00000
71 213 0.00000
729 5832 0.01000
729 2187 0.01000
7082 42492 0.31000
7082 21246 0.09000
11383 45532 0.27000
11383 34149 0.19000
56 392 0.01000
56 168 0.00000
200 800 0.00000
200 600 0.00000
9689 29067 0.09000
9689 29067 0.10000
16287 114009 0.52000
16287 48861 0.18000
13 104 0.00000
13 39 0.00000
348 1740 0.00000
348 1044 0.00000
6074 30370 0.09000
6074 18222 0.09000
96859 678013 2.70000
96859 290577 2.71000
51 255 0.00000
51 153 0.00000
654 5886 0.02000
654 1962 0.00000
9041 36164 0.28000
9041 27123 0.21000
18740 168660 2.01000
18740 56220 0.50000
