10 30 0.00000
210 630 0.01000
7266 21798 0.66000
19 57 0.00000
699 2097 0.02000
9203 27609 0.53000
94 282 0.00000
474 1422 0.01000
8138 24414 0.51000
13 39 0.00000
899 2697 0.03000
4901 14703 0.22000
59 177 0.00000
640 1920 0.03000
9907 29721 0.77000
93 279 0.00000
731 2193 0.01000
1408 4224 0.02000
65 195 0.00000
899 2697 0.02000
4652 13956 0.09000
44 132 0.00000
786 2358 0.01000
2300 6900 0.03000
35 105 0.00000
821 2463 0.03000
2608 7824 0.14000
62 186 0.00000
126 378 0.01000
4056 12168 0.21000
97 291 0.00000
741 2223 0.02000
7391 22173 0.57000
67897 203691 7.04000
83 249 0.00000
686 2058 0.03000
5255 15765 0.26000
65123 195369 15.17000
78 234 0.00000
594 1782 0.02000
6160 18480 0.32000
41142 123426 2.90000
71 213 0.00000
729 2187 0.02000
7082 21246 0.37000
11383 34149 0.86000
51 153 0.00000
654 1962 0.04000
9041 27123 0.75000
18740 56220 2.52000
