44 132 0.00000
458 1374 0.00000
8514 25542 0.19000
27 81 0.00000
840 2520 0.01000
7510 22530 0.14000
40 120 0.00000
686 2058 0.01000
8245 24735 0.13000
88 264 0.00000
192 576 0.00000
9274 27822 0.16000
88 264 0.00000
412 1236 0.00000
2702 8106 0.03000
70 210 0.00000
161 483 0.00000
9470 28410 0.23000
62 186 0.00000
624 1872 0.01000
8037 24111 0.05000
70 210 0.00000
217 651 0.00000
1330 3990 0.01000
14 42 0.00000
163 489 0.00000
9326 27978 0.18000
38 114 0.00000
425 1275 0.01000
1018 3054 0.01000
42 126 0.00000
387 1161 0.01000
3797 11391 0.05000
34028 102084 0.77000
81 243 0.00000
409 1227 0.00000
8863 26589 0.23000
89153 267459 2.19000
57 171 0.00000
794 2382 0.00000
9500 28500 0.13000
37275 111825 0.91000
89 267 0.00000
560 1680 0.00000
6184 18552 0.14000
44276 132828 0.33000
13 39 0.00000
348 1044 0.00000
6074 18222 0.09000
96859 290577 2.71000
