44 396 0.00000
458 1832 0.00000
8514 51084 0.20000
27 54 0.00000
840 7560 0.00000
7510 15020 0.15000
40 280 0.00000
686 2058 0.00000
8245 57715 0.12000
88 704 0.00000
192 768 0.00000
9274 27822 0.14000
88 440 0.00000
412 3708 0.00000
2702 8106 0.03000
70 560 0.01000
161 1449 0.00000
9470 28410 0.25000
62 124 0.00000
624 5616 0.00000
8037 40185 0.06000
70 280 0.00000
217 1736 0.00000
1330 5320 0.01000
14 28 0.00000
163 1467 0.00000
9326 55956 0.16000
38 114 0.01000
425 2550 0.00000
1018 5090 0.01000
42 168 0.00000
387 2709 0.00000
3797 22782 0.05000
34028 102084 0.81000
81 162 0.00000
409 3272 0.01000
8863 79767 0.07000
89153 624071 3.67000
57 285 0.00000
794 4764 0.01000
9500 76000 0.15000
37275 74550 0.64000
89 267 0.00000
560 1680 0.01000
6184 37104 0.14000
44276 177104 1.51000
13 104 0.00000
348 1740 0.00000
6074 30370 0.09000
96859 678013 2.70000
